scripts/wind.json
{"header": {"parameterNumberName":"eastward_wind","parameterUnit":"m.s-1","parameterNumber":2,"parameterCategory":2,"nx":273,"ny":156,"numberPoints":42588,"dx":0.04795703106042026,"dy":0.04641020079095881,"la1":14.614939224179864,"lo1":-106.09675015751111,"la2":21.62866414744147,"lo2":-93.10039474013941,"refTime":"2017-02-01 23:00:00"}, "data":
[rows 38 to 56 of 156, columns 215 to 257 of 273]
-0.20622406899929047,-0.050568364560604095,0.032881297171115875,0.009970252402126789,-0.11133287101984024,-0.28734031319618225,-0.47329971194267273,-0.6248816251754761,-0.7183077335357666,-0.820487916469574,-0.908104419708252,-0.9426416158676147,-0.8854613304138184,-0.6939433217048645,-0.311006635427475,0.19900619983673096,0.7449686527252197,1.2344878911972046,1.5772606134414673,1.7858257293701172,1.9155384302139282,1.9804444313049316,1.994848608970642,1.9729431867599487,1.8996213674545288,1.7556462287902832,1.571184515953064,1.3769181966781616,1.2032419443130493,1.0635335445404053,0.9259514212608337,0.7955437302589417,0.6809526681900024,0.5905167460441589,0.5328065752983093,0.5094053149223328,0.511116623878479,0.5279083251953125,0.5497097969055176,0.5667226910591125,0.5781942009925842,0.5913486480712891,0.6130825877189636
-0.30089816451072693,-0.18721087276935577,-0.1400495320558548,-0.19093239307403564,-0.33863306045532227,-0.5388028025627136,-0.7455329895019531,-0.913394033908844,-1.0160839557647705,-1.1156350374221802,-1.194917917251587,-1.2229349613189697,-1.1685775518417358,-0.997178852558136,-0.6590816974639893,-0.2084295153617859,0.27727699279785156,0.7194112539291382,1.0412418842315674,1.2578693628311157,1.415358304977417,1.5200897455215454,1.578784465789795,1.597949743270874,1.5624138116836548,1.4596675634384155,1.3177388906478882,1.1650789976119995,1.0299084186553955,0.9247190356254578,0.8200452923774719,0.7204359769821167,0.6337018013000488,0.5674235224723816,0.5290860533714294,0.5188960433006287,0.5296249389648438,0.5536779761314392,0.5834263563156128,0.6116316318511963,0.6404257416725159,0.6738588213920593,0.7141163349151611
-0.4016038775444031,-0.32832828164100647,-0.3133966326713562,-0.38466620445251465,-0.5471165776252747,-0.7575544118881226,-0.9708450436592102,-1.1423553228378296,-1.2443714141845703,-1.3314497470855713,-1.3933663368225098,-1.4079211950302124,-1.3528358936309814,-1.2027605772018433,-0.9167764782905579,-0.5370530486106873,-0.12508349120616913,0.2566833794116974,0.5474391579627991,0.7640349268913269,0.9419118762016296,1.0800238847732544,1.177726149559021,1.2340748310089111,1.2341159582138062,1.1719915866851807,1.07317054271698,0.9634473323822021,0.8684453368186951,0.7999094724655151,0.7317513227462769,0.667116641998291,0.6119424700737,0.5720186233520508,0.5527954697608948,0.5533169507980347,0.5690773129463196,0.5956470370292664,0.6285691857337952,0.6638392210006714,0.7060174942016602,0.7557247281074524,0.810512900352478
-0.4957708418369293,-0.45412129163742065,-0.462553471326828,-0.5451205372810364,-0.7108673453330994,-0.9193721413612366,-1.1280958652496338,-1.294994831085205,-1.3926881551742554,-1.4682273864746094,-1.5164694786071777,-1.5221140384674072,-1.4698045253753662,-1.3416489362716675,-1.1051374673843384,-0.7920681238174438,-0.4496306777000427,-0.1258092224597931,0.1328096240758896,0.3442310094833374,0.5344945788383484,0.6964351534843445,0.8233300447463989,0.9080950021743774,0.9358125329017639,0.906047523021698,0.8424010872840881,0.7687198519706726,0.7087275981903076,0.6742072105407715,0.6425285935401917,0.6143338680267334,0.5925366282463074,0.5799894332885742,0.5791863799095154,0.5888388752937317,0.6074720025062561,0.6339039206504822,0.6669325828552246,0.7058051228523254,0.7565510869026184,0.8168071508407593,0.8805243968963623
-0.571595311164856,-0.5455949306488037,-0.5636501908302307,-0.6467037796974182,-0.804109513759613,-0.9997058510780334,-1.1953359842300415,-1.353308916091919,-1.4489976167678833,-1.5243865251541138,-1.5750789642333984,-1.5876458883285522,-1.5485895872116089,-1.442446231842041,-1.243220329284668,-0.9772321581840515,-0.6830374598503113,-0.39987221360206604,-0.16573598980903625,0.038143809884786606,0.23210500180721283,0.40521156787872314,0.5469856858253479,0.6465578675270081,0.6883971691131592,0.6751377582550049,0.6303146481513977,0.5776680707931519,0.5408411026000977,0.5331030488014221,0.5344802141189575,0.5417616963386536,0.5535225868225098,0.5683613419532776,0.5848667621612549,0.6028644442558289,0.6238235831260681,0.649300217628479,0.6808390617370605,0.72035151720047,0.7738713026046753,0.8371615409851074,0.9025324583053589
-0.6445062756538391,-0.6157969832420349,-0.6256628632545471,-0.691821277141571,-0.819101870059967,-0.9789585471153259,-1.1414145231246948,-1.2768783569335938,-1.3674023151397705,-1.4508426189422607,-1.5187102556228638,-1.5542083978652954,-1.540422797203064,-1.4592102766036987,-1.290471076965332,-1.0592924356460571,-0.7999731302261353,-0.5474072694778442,-0.33535969257354736,-0.14469316601753235,0.042103856801986694,0.21227528154850006,0.35350877046585083,0.4531062841415405,0.49389201402664185,0.4794018268585205,0.435441255569458,0.38802000880241394,0.3630512058734894,0.37761592864990234,0.41412803530693054,0.46263158321380615,0.5143831372261047,0.5607598423957825,0.593976616859436,0.6167501211166382,0.6346246004104614,0.6525617837905884,0.6755231022834778,0.7086132764816284,0.7560582160949707,0.8122397661209106,0.8694742321968079
-0.7174094915390015,-0.6733377575874329,-0.6618918180465698,-0.6971494555473328,-0.7760442495346069,-0.8804640173912048,-0.9917610287666321,-1.0915467739105225,-1.1715141534805298,-1.265149712562561,-1.3569144010543823,-1.4236074686050415,-1.4418455362319946,-1.3878848552703857,-1.2475460767745972,-1.0468995571136475,-0.8180922269821167,-0.5937896370887756,-0.4056207239627838,-0.23462305963039398,-0.06465055048465729,0.09109415113925934,0.21981212496757507,0.30835312604904175,0.3373120427131653,0.30966514348983765,0.25488871335983276,0.20268723368644714,0.18265321850776672,0.21725879609584808,0.2914608120918274,0.38635119795799255,0.48355692625045776,0.5649341344833374,0.6143817901611328,0.6387537717819214,0.648662805557251,0.653153657913208,0.6612851023674011,0.6819232702255249,0.7161358594894409,0.7571680545806885,0.7984613180160522
-0.7798711657524109,-0.7141696810722351,-0.6752786636352539,-0.6736525297164917,-0.6969799399375916,-0.7384475469589233,-0.7917265892028809,-0.8506034016609192,-0.9173861145973206,-1.0212640762329102,-1.1385670900344849,-1.2385421991348267,-1.2901867628097534,-1.2630006074905396,-1.1481961011886597,-0.9740023016929626,-0.7718154191970825,-0.5734837055206299,-0.40990149974823,-0.2629135251045227,-0.11669982969760895,0.016341693699359894,0.12415840476751328,0.19440124928951263,0.20551137626171112,0.15883977711200714,0.08776803314685822,0.02594258077442646,0.006875650491565466,0.05870971828699112,0.1689900904893875,0.3094508945941925,0.4516681134700775,0.5675537586212158,0.632407546043396,0.6577814817428589,0.6592422127723694,0.6496369242668152,0.6418408751487732,0.6481640934944153,0.6658099889755249,0.6874471306800842,0.7086064219474792
-0.8215013146400452,-0.7342785596847534,-0.6687841415405273,-0.6322956085205078,-0.6039254069328308,-0.5870763063430786,-0.5865751504898071,-0.6072304844856262,-0.6609574556350708,-0.7730347514152527,-0.9124502539634705,-1.0416368246078491,-1.1227178573608398,-1.1190433502197266,-1.026139259338379,-0.8745281100273132,-0.6955539584159851,-0.5209545493125916,-0.3815942704677582,-0.2608495354652405,-0.14260882139205933,-0.03733690083026886,0.04477721452713013,0.09331464767456055,0.085298091173172,0.019781939685344696,-0.06687510013580322,-0.13801272213459015,-0.15712516009807587,-0.09141658246517181,0.049183204770088196,0.22844071686267853,0.4093441963195801,0.5553089380264282,0.6344062685966492,0.6627634167671204,0.6596827507019043,0.6405768990516663,0.6208989024162292,0.6152020692825317,0.6167622804641724,0.6185450553894043,0.6189817786216736
-0.8319278955459595,-0.729651689529419,-0.6453527212142944,-0.584006130695343,-0.5188287496566772,-0.4604150950908661,-0.4214373230934143,-0.41445422172546387,-0.4580039083957672,-0.5741518139839172,-0.7272003889083862,-0.8753855228424072,-0.9765950441360474,-0.9903942942619324,-0.9149952530860901,-0.7823116779327393,-0.6236313581466675,-0.47058650851249695,-0.35401979088783264,-0.2596571147441864,-0.1708984076976776,-0.09526874870061874,-0.04009014740586281,-0.012844940647482872,-0.03653573617339134,-0.11468259245157242,-0.21003875136375427,-0.2850313186645508,-0.302251398563385,-0.22656023502349854,-0.06553441286087036,0.13980670273303986,0.3472062349319458,0.514896810054779,0.606741726398468,0.6426397562026978,0.6433085799217224,0.6245348453521729,0.6021547913551331,0.5908820033073425,0.5806425213813782,0.5658862590789795,0.5486035346984863
-0.8002493977546692,-0.6924967169761658,-0.6004989147186279,-0.5279919505119324,-0.4462108314037323,-0.36883145570755005,-0.31185677647590637,-0.2911320626735687,-0.327709436416626,-0.44125574827194214,-0.5951529145240784,-0.7471831440925598,-0.8547753095626831,-0.877090334892273,-0.8126740455627441,-0.6935551166534424,-0.5509875416755676,-0.41653162240982056,-0.32104945182800293,-0.2538607120513916,-0.1975604146718979,-0.15519091486930847,-0.12967152893543243,-0.12400539219379425,-0.15925757586956024,-0.24202319979667664,-0.33707478642463684,-0.4088500738143921,-0.42194560170173645,-0.342145711183548,-0.1749994456768036,0.03824501857161522,0.2548808455467224,0.43271225690841675,0.5357800722122192,0.5868504643440247,0.6045070290565491,0.601464569568634,0.590490996837616,0.5831669569015503,0.5666778683662415,0.5389814376831055,0.5069987177848816
-0.7278470396995544,-0.6188985109329224,-0.5243927836418152,-0.4475056231021881,-0.3600373864173889,-0.27608591318130493,-0.21206910908222198,-0.18423031270503998,-0.2134777158498764,-0.3175884187221527,-0.46147599816322327,-0.604905366897583,-0.7073100209236145,-0.7295581102371216,-0.6680658459663391,-0.5547311902046204,-0.4218386709690094,-0.30195873975753784,-0.22705496847629547,-0.1916850358247757,-0.17656749486923218,-0.17787405848503113,-0.19175562262535095,-0.21434694528579712,-0.26305076479911804,-0.34888389706611633,-0.44089174270629883,-0.5077793002128601,-0.5183988213539124,-0.44204819202423096,-0.2826090455055237,-0.07787301391363144,0.13289612531661987,0.3109302222728729,0.4241540729999542,0.4981555938720703,0.5458931922912598,0.5733752250671387,0.5866618752479553,0.5906686186790466,0.5695647597312927,0.5274282693862915,0.478595495223999
-0.6293216943740845,-0.5220819711685181,-0.428954541683197,-0.353185772895813,-0.26872628927230835,-0.18814396858215332,-0.12614667415618896,-0.09727306663990021,-0.1203920915722847,-0.2119082808494568,-0.33990171551704407,-0.4677097797393799,-0.5583755373954773,-0.5758734345436096,-0.5131120681762695,-0.40155497193336487,-0.274954229593277,-0.1673363298177719,-0.11221306025981903,-0.11019480228424072,-0.13964910805225372,-0.18872512876987457,-0.24566203355789185,-0.29857391119003296,-0.3601451516151428,-0.44636639952659607,-0.5320262312889099,-0.5915718674659729,-0.5995805859565735,-0.5304906368255615,-0.386640340089798,-0.20012342929840088,-0.004403301049023867,0.167514830827713,0.2896071672439575,0.3898928761482239,0.47391247749328613,0.5392090678215027,0.5833734273910522,0.6029658913612366,0.5793203711509705,0.5237363576889038,0.4588126540184021
-0.5195862650871277,-0.4158529043197632,-0.32699164748191833,-0.25692272186279297,-0.18242399394512177,-0.11322329938411713,-0.06091265380382538,-0.036939118057489395,-0.056935299187898636,-0.13647723197937012,-0.2476828694343567,-0.35825836658477783,-0.4356551170349121,-0.44769537448883057,-0.38352087140083313,-0.27373889088630676,-0.15330301225185394,-0.0574302114546299,-0.020914796739816666,-0.05036047846078873,-0.12196483463048935,-0.21602018177509308,-0.313012957572937,-0.39320310950279236,-0.4641737937927246,-0.5465775728225708,-0.621648907661438,-0.6702883243560791,-0.6735031604766846,-0.6115474700927734,-0.48509785532951355,-0.3197401463985443,-0.14230379462242126,0.020795730873942375,0.15021362900733948,0.2756057381629944,0.395042359828949,0.4977778196334839,0.5731090903282166,0.6094553470611572,0.5860161185264587,0.5208276510238647,0.44385454058647156
-0.4134984016418457,-0.3139643371105194,-0.23126102983951569,-0.17055876553058624,-0.11123338341712952,-0.05950310453772545,-0.023155726492404938,-0.009873435832560062,-0.031552284955978394,-0.10351008176803589,-0.2020127922296524,-0.29914066195487976,-0.36674875020980835,-0.3765921890735626,-0.3149036765098572,-0.21089373528957367,-0.099749855697155,-0.01690344326198101,0.002544499235227704,-0.05307233706116676,-0.15861652791500092,-0.2880023121833801,-0.4154208302497864,-0.514758288860321,-0.5887844562530518,-0.6616404056549072,-0.7209452986717224,-0.754002571105957,-0.7481932640075684,-0.6893157362937927,-0.5760224461555481,-0.4280095398426056,-0.2661578059196472,-0.11097105592489243,0.023977085947990417,0.16878214478492737,0.3157264292240143,0.4478824734687805,0.5483605265617371,0.5995516777038574,0.579740047454834,0.5116328001022339,0.4299251139163971
-0.32290974259376526,-0.22675563395023346,-0.15098609030246735,-0.10271525382995605,-0.06279558688402176,-0.033689938485622406,-0.019185496494174004,-0.023017117753624916,-0.05335618183016777,-0.1259719580411911,-0.22074073553085327,-0.3134256899356842,-0.3795720934867859,-0.39438241720199585,-0.3430914282798767,-0.2528243362903595,-0.15733793377876282,-0.09059669077396393,-0.08632732927799225,-0.1594986915588379,-0.28511425852775574,-0.43344876170158386,-0.5751004219055176,-0.6803234219551086,-0.747963547706604,-0.8036333322525024,-0.8406119346618652,-0.8518972396850586,-0.8305275440216064,-0.7667136192321777,-0.6564450263977051,-0.5154814720153809,-0.36086803674697876,-0.2092878222465515,-0.07090969383716583,0.08314885199069977,0.24276266992092133,0.3888367712497711,0.5023106336593628,0.5635378956794739,0.5516512989997864,0.49038365483283997,0.4147711992263794
-0.21880203485488892,-0.12005617469549179,-0.050220027565956116,-0.020709456875920296,-0.012528941966593266,-0.021891001611948013,-0.046064719557762146,-0.08235947787761688,-0.13337603211402893,-0.21735885739326477,-0.31826916337013245,-0.41564562916755676,-0.48879215121269226,-0.516599178314209,-0.48493626713752747,-0.4177546203136444,-0.34548473358154297,-0.29870885610580444,-0.307870477437973,-0.3896258771419525,-0.5207075476646423,-0.6703878045082092,-0.8082705140113831,-0.9036194682121277,-0.9517127275466919,-0.9774715900421143,-0.9799953699111938,-0.9581589698791504,-0.9108259081840515,-0.8321292400360107,-0.7142584919929504,-0.5704973340034485,-0.41570428013801575,-0.2643703520298004,-0.12534815073013306,0.026603372767567635,0.1825987696647644,0.3258936405181885,0.43977591395378113,0.5070725679397583,0.5100356936454773,0.46917155385017395,0.4145950376987457
-0.10600640624761581,-0.0023062974214553833,0.06090253219008446,0.06642919033765793,0.03366565331816673,-0.025607433170080185,-0.10035805404186249,-0.17971540987491608,-0.25936147570610046,-0.3613056242465973,-0.47407811880111694,-0.5812415480613708,-0.6660925149917603,-0.7115379571914673,-0.7050449848175049,-0.6666064262390137,-0.6220729947090149,-0.5973793864250183,-0.618423342704773,-0.7024970054626465,-0.8291069865226746,-0.9682486653327942,-1.0902302265167236,-1.165052890777588,-1.1845793724060059,-1.1715909242630005,-1.1312487125396729,-1.0685629844665527,-0.9884706139564514,-0.8888847827911377,-0.7575075626373291,-0.6058245301246643,-0.44729170203208923,-0.2949811518192291,-0.15753929316997528,-0.015076234936714172,0.1269875019788742,0.25708165764808655,0.36366647481918335,0.43487250804901123,0.45768454670906067,0.4466239809989929,0.42337700724601746
-0.005097346380352974,0.09965986013412476,0.15296494960784912,0.13213522732257843,0.056659501045942307,-0.053898848593235016,-0.18040026724338531,-0.30399075150489807,-0.4135819673538208,-0.5348173379898071,-0.6607310175895691,-0.7788731455802917,-0.8764938712120056,-0.9405269622802734,-0.9605172872543335,-0.9522256255149841,-0.9364060759544373,-0.9338257312774658,-0.9653149247169495,-1.0482032299041748,-1.1652411222457886,-1.2880617380142212,-1.3885797262191772,-1.4384492635726929,-1.426371455192566,-1.3722949028015137,-1.2872753143310547,-1.1822963953018188,-1.0682040452957153,-0.9465267062187195,-0.8004913926124573,-0.639995276927948,-0.4773096740245819,-0.32430481910705566,-0.18975600600242615,-0.059724289923906326,0.06456413865089417,0.17765048146247864,0.27410444617271423,0.34831005334854126,0.3926926851272583,0.4147842228412628,0.4264821708202362
