scripts/wind.json
{"header": {"parameterNumberName":"northward_wind","parameterUnit":"m.s-1","parameterNumber":3,"parameterCategory":2,"nx":273,"ny":156,"numberPoints":42588,"dx":0.04795703106042026,"dy":0.04641020079095881,"la1":14.614939224179864,"lo1":-106.09675015751111,"la2":21.62866414744147,"lo2":-93.10039474013941,"refTime":"2017-02-01 23:00:00"}, "data":
[rows 38 to 56 of 156, columns 129 to 171 of 273]
-2.1509411334991455,-2.040447473526001,-1.951443076133728,-1.8708066940307617,-1.7854384183883667,-1.6891725063323975,-1.5958030223846436,-1.5032788515090942,-1.4076517820358276,-1.3052165508270264,-1.1913472414016724,-1.061073899269104,-0.9219045639038086,-0.7832018733024597,-0.6541383862495422,-0.5430011749267578,-0.4364739954471588,-0.3346002697944641,-0.24780084192752838,-0.18626528978347778,-0.1603659689426422,-0.18342852592468262,-0.24832271039485931,-0.33559826016426086,-0.42562800645828247,-0.498956561088562,-0.548032283782959,-0.5889155268669128,-0.6238259673118591,-0.6543207764625549,-0.6820420622825623,-0.7102887630462646,-0.7437823414802551,-0.7751561999320984,-0.7960229516029358,-0.797936201095581,-0.7725486755371094,-0.717535674571991,-0.6412177085876465,-0.552971363067627,-0.462054580450058,-0.37769564986228943,-0.30411067605018616
-2.1352953910827637,-2.0236549377441406,-1.9326258897781372,-1.8503718376159668,-1.7650783061981201,-1.6711246967315674,-1.5807937383651733,-1.4924426078796387,-1.4027281999588013,-1.3085370063781738,-1.2060024738311768,-1.0911495685577393,-0.9701310396194458,-0.8505832552909851,-0.7399784326553345,-0.6451804637908936,-0.557513415813446,-0.47598665952682495,-0.4066029489040375,-0.3551781475543976,-0.32767990231513977,-0.33555614948272705,-0.3746969401836395,-0.42867377400398254,-0.48095378279685974,-0.5151128172874451,-0.5220377445220947,-0.5129160284996033,-0.49507999420166016,-0.47560882568359375,-0.4615403711795807,-0.4592025578022003,-0.4669301211833954,-0.47861945629119873,-0.488175630569458,-0.4894818067550659,-0.47734466195106506,-0.4565611183643341,-0.42849549651145935,-0.39246702194213867,-0.34775522351264954,-0.29382210969924927,-0.2377796620130539
-2.1403119564056396,-2.0269687175750732,-1.931805968284607,-1.845245122909546,-1.757729411125183,-1.6646003723144531,-1.5754849910736084,-1.489457607269287,-1.4042271375656128,-1.3177217245101929,-1.2273379564285278,-1.1305063962936401,-1.031290054321289,-0.9347041249275208,-0.8456320762634277,-0.7686785459518433,-0.7004395127296448,-0.6391852498054504,-0.5862674117088318,-0.5428932309150696,-0.510394811630249,-0.4975142180919647,-0.5033339262008667,-0.5155995488166809,-0.5220443606376648,-0.5104306936264038,-0.470511794090271,-0.4076312184333801,-0.33414119482040405,-0.26259416341781616,-0.2053685486316681,-0.17168615758419037,-0.1532675325870514,-0.1455984264612198,-0.14525406062602997,-0.14882276952266693,-0.1547657549381256,-0.17604833841323853,-0.20602646470069885,-0.23245476186275482,-0.24314193427562714,-0.22631914913654327,-0.19228476285934448
-2.1568522453308105,-2.0403072834014893,-1.9381308555603027,-1.8438122272491455,-1.750860571861267,-1.6559457778930664,-1.5651136636734009,-1.4783728122711182,-1.3948055505752563,-1.3137120008468628,-1.2341045141220093,-1.1550629138946533,-1.078073263168335,-1.0049470663070679,-0.9373976588249207,-0.8771910071372986,-0.8259864449501038,-0.7817984223365784,-0.7418938875198364,-0.70343017578125,-0.6636699438095093,-0.6282356381416321,-0.5990250110626221,-0.5684635639190674,-0.5290594696998596,-0.47326749563217163,-0.3904617130756378,-0.2802075445652008,-0.15870513021945953,-0.042765721678733826,0.051087312400341034,0.11150805652141571,0.1522599458694458,0.1762189269065857,0.18426139652729034,0.17722253501415253,0.15322962403297424,0.09208318591117859,0.0076638092286884785,-0.07739630341529846,-0.14060638844966888,-0.1601296365261078,-0.1496787667274475
-2.1757845878601074,-2.0535974502563477,-1.9407590627670288,-1.8344727754592896,-1.7319587469100952,-1.6315267086029053,-1.5349384546279907,-1.4432611465454102,-1.3571479320526123,-1.2774771451950073,-1.2050834894180298,-1.14076828956604,-1.0832034349441528,-1.0307260751724243,-0.9816054105758667,-0.934446394443512,-0.8949230313301086,-0.8614650964736938,-0.8286206722259521,-0.7908484935760498,-0.7427045106887817,-0.6866924166679382,-0.6265995502471924,-0.5593898296356201,-0.48219189047813416,-0.392009973526001,-0.27891889214515686,-0.13780900835990906,0.013522861525416374,0.15638509392738342,0.27244454622268677,0.3496346175670624,0.4047166407108307,0.4391558766365051,0.45190203189849854,0.4418458938598633,0.40468981862068176,0.3159138262271881,0.19404053688049316,0.06822799146175385,-0.03256656229496002,-0.08022656291723251,-0.09204395115375519
-2.2086169719696045,-2.0772204399108887,-1.948101282119751,-1.8232141733169556,-1.704525113105774,-1.5924681425094604,-1.4833567142486572,-1.379563570022583,-1.283682942390442,-1.1985605955123901,-1.127213716506958,-1.0721839666366577,-1.0289835929870605,-0.9921111464500427,-0.9560215473175049,-0.915721595287323,-0.8794289231300354,-0.8469192385673523,-0.8119310736656189,-0.7681115865707397,-0.7092152237892151,-0.6344200372695923,-0.548112690448761,-0.4518813192844391,-0.34754544496536255,-0.23674264550209045,-0.1121167317032814,0.034592896699905396,0.18767014145851135,0.3304133713245392,0.446483314037323,0.525381863117218,0.5828365087509155,0.6192541122436523,0.6326499581336975,0.6209778785705566,0.5791089534759521,0.4829957187175751,0.3515590727329254,0.2141568958759308,0.09993250668048859,0.03706730157136917,0.004165024030953646
-2.291063070297241,-2.146667003631592,-1.9936929941177368,-1.8408375978469849,-1.6967968940734863,-1.5649960041046143,-1.433964490890503,-1.3080028295516968,-1.1925303936004639,-1.0932689905166626,-1.0163103342056274,-0.9661614894866943,-0.9342064261436462,-0.9100264310836792,-0.8831824660301208,-0.8439910411834717,-0.8025297522544861,-0.7609530687332153,-0.7135915160179138,-0.6546573042869568,-0.5785022974014282,-0.47968438267707825,-0.36226168274879456,-0.2340700924396515,-0.10325154662132263,0.02229859121143818,0.1447492241859436,0.2751270532608032,0.40395647287368774,0.5208377838134766,0.6156750917434692,0.6821918487548828,0.730861246585846,0.7610995769500732,0.7707151174545288,0.7574672102928162,0.7166876196861267,0.629235565662384,0.5106546878814697,0.38480162620544434,0.2753419578075409,0.20489490032196045,0.14671413600444794
-2.3854598999023438,-2.2259039878845215,-2.045335054397583,-1.8600651025772095,-1.6863932609558105,-1.5311349630355835,-1.3740462064743042,-1.2215772867202759,-1.0823060274124146,-0.9651733636856079,-0.8796970248222351,-0.8325180411338806,-0.8104563355445862,-0.7976706624031067,-0.7783205509185791,-0.7375049591064453,-0.6865412592887878,-0.6305879950523376,-0.565568745136261,-0.48724937438964844,-0.3915787935256958,-0.268157035112381,-0.12004119902849197,0.038328222930431366,0.1921328455209732,0.32686278223991394,0.438395231962204,0.5399792790412903,0.6303504109382629,0.7074723839759827,0.7695201635360718,0.8156918287277222,0.8491480350494385,0.8683968186378479,0.8714424967765808,0.8562628626823425,0.8193293213844299,0.7485826015472412,0.6542997360229492,0.5520015358924866,0.45706090331077576,0.38374629616737366,0.29964423179626465
-2.4496726989746094,-2.2745108604431152,-2.066761016845703,-1.849981665611267,-1.6477084159851074,-1.4700278043746948,-1.2884306907653809,-1.1112951040267944,-0.9500713348388672,-0.8166304230690002,-0.7236599326133728,-0.6800248622894287,-0.6681562066078186,-0.6669413447380066,-0.6552909016609192,-0.6132021546363831,-0.552608847618103,-0.48186635971069336,-0.39912182092666626,-0.30232521891593933,-0.18965137004852295,-0.046494144946336746,0.12553095817565918,0.3064698278903961,0.4759361743927002,0.6138990521430969,0.7104746103286743,0.7803258895874023,0.8300580978393555,0.8656882047653198,0.89334636926651,0.9174755215644836,0.9341232180595398,0.9410114884376526,0.936432421207428,0.9186767935752869,0.8854257464408875,0.8315668106079102,0.7621342539787292,0.6843945980072021,0.6055097579956055,0.5314997434616089,0.4249930679798126
-2.4417033195495605,-2.252189874649048,-2.0217978954315186,-1.7797311544418335,-1.5551632642745972,-1.3608170747756958,-1.1619175672531128,-0.9681034088134766,-0.7927986979484558,-0.6498854160308838,-0.5543610453605652,-0.5173282623291016,-0.517609179019928,-0.5296242237091064,-0.5278396606445312,-0.487906813621521,-0.4217493236064911,-0.34068283438682556,-0.24533973634243011,-0.13612842559814453,-0.013710171915590763,0.13889284431934357,0.3217158019542694,0.5118227005004883,0.6858226656913757,0.8206999897956848,0.902968168258667,0.947632372379303,0.9665250778198242,0.9710444211959839,0.9726278781890869,0.9792568683624268,0.9823135137557983,0.9788956642150879,0.9673634767532349,0.9460976719856262,0.9134531021118164,0.8688279986381531,0.8139445185661316,0.7508004307746887,0.6813151836395264,0.6062410473823547,0.48497867584228516
-2.3182692527770996,-2.117157459259033,-1.8726015090942383,-1.616622805595398,-1.381212830543518,-1.180586814880371,-0.977185070514679,-0.7807948589324951,-0.605299711227417,-0.4650440514087677,-0.37587660551071167,-0.3511084020137787,-0.3673110604286194,-0.39585497975349426,-0.408181369304657,-0.3769488036632538,-0.3133908808231354,-0.231167271733284,-0.13336940109729767,-0.02286226861178875,0.09723403304815292,0.24330450594425201,0.417068213224411,0.5966522097587585,0.7597525715827942,0.8844202160835266,0.9573756456375122,0.9925685524940491,1.002113938331604,0.9977624416351318,0.9912804365158081,0.991011381149292,0.988374650478363,0.9800335764884949,0.9638718962669373,0.9378066062927246,0.899709165096283,0.8487441539764404,0.7871745228767395,0.7176395654678345,0.642691433429718,0.5636941194534302,0.4395570755004883
-2.0385851860046387,-1.8260005712509155,-1.5744256973266602,-1.3154923915863037,-1.0808138847351074,-0.8848300576210022,-0.6911937594413757,-0.5085074305534363,-0.3493146002292633,-0.22658275067806244,-0.1553807109594345,-0.15173722803592682,-0.1911316066980362,-0.2429182529449463,-0.27655500173568726,-0.2626483738422394,-0.21021974086761475,-0.1353057473897934,-0.04460376873612404,0.055393997579813004,0.15796467661857605,0.2746807336807251,0.40979382395744324,0.5483779311180115,0.6751716136932373,0.77518630027771,0.8402808308601379,0.8807851076126099,0.903125524520874,0.9133734703063965,0.9176467061042786,0.9209115505218506,0.920451819896698,0.9125070571899414,0.8935710787773132,0.8601749539375305,0.8080393671989441,0.7301676273345947,0.6343606114387512,0.5314663052558899,0.4321904182434082,0.34602126479148865,0.2343270182609558
-1.650848150253296,-1.426937460899353,-1.1732149124145508,-0.9187557697296143,-0.6926330924034119,-0.5086613297462463,-0.33442315459251404,-0.1764148473739624,-0.0446019284427166,0.05068986490368843,0.09630045294761658,0.07316836714744568,0.00608037319034338,-0.07305557280778885,-0.13247190415859222,-0.1414063572883606,-0.10553636401891708,-0.04331022500991821,0.034105248749256134,0.11571145802736282,0.19032132625579834,0.261811763048172,0.3376012444496155,0.4137386977672577,0.4860832393169403,0.550641655921936,0.6076865792274475,0.6620866060256958,0.7106907963752747,0.749973475933075,0.7765178680419922,0.7894663214683533,0.7957035303115845,0.7911109328269958,0.7702659368515015,0.7277829647064209,0.6562232375144958,0.5386551022529602,0.39155465364456177,0.2387520670890808,0.1038515642285347,0.009213102981448174,-0.079199880361557
-1.2248241901397705,-0.9915003776550293,-0.7393770217895508,-0.49397599697113037,-0.28083616495132446,-0.11274859309196472,0.03753536194562912,0.16603350639343262,0.2659097909927368,0.3300435543060303,0.34775254130363464,0.297157883644104,0.20264679193496704,0.09662982821464539,0.011341933161020279,-0.02181568183004856,-0.004952247720211744,0.041469134390354156,0.10198070853948593,0.16123761236667633,0.20375791192054749,0.224858358502388,0.23502564430236816,0.24244453012943268,0.25527048110961914,0.2816687524318695,0.33139094710350037,0.4034178555011749,0.48365887999534607,0.5576086640357971,0.6109457015991211,0.6360576748847961,0.6505708694458008,0.6502404808998108,0.6277892589569092,0.5759754180908203,0.48411455750465393,0.3242572844028473,0.12228704243898392,-0.08378270268440247,-0.25625428557395935,-0.3586799204349518,-0.4192264974117279
-0.8299182653427124,-0.5908533930778503,-0.3429546058177948,-0.1083618775010109,0.09075126051902771,0.24256516993045807,0.3693927228450775,0.4696625769138336,0.5395365953445435,0.5749636888504028,0.5677518844604492,0.49394750595092773,0.3770325183868408,0.24915479123592377,0.14225861430168152,0.08760794997215271,0.08598265051841736,0.11573077738285065,0.1582801789045334,0.1951349824666977,0.20771397650241852,0.1839192509651184,0.13647699356079102,0.08401375263929367,0.04526742547750473,0.03886546567082405,0.0829014927148819,0.17145243287086487,0.2806408405303955,0.3861229717731476,0.46380794048309326,0.49990788102149963,0.521345317363739,0.5241475701332092,0.4998309314250946,0.4399462938308716,0.331397145986557,0.13681229948997498,-0.1101800799369812,-0.3597399890422821,-0.5624169111251831,-0.6699760556221008,-0.7042972445487976
-0.5355441570281982,-0.2961716949939728,-0.054005470126867294,0.1708589345216751,0.3582819104194641,0.4969129264354706,0.6058334708213806,0.6852689981460571,0.7335649132728577,0.7489055395126343,0.7250449061393738,0.637225329875946,0.5076776742935181,0.3675144612789154,0.2476309984922409,0.17833086848258972,0.1617000848054886,0.1761537492275238,0.202240452170372,0.2205437421798706,0.21160586178302765,0.15906940400600433,0.07634104788303375,-0.012059550732374191,-0.08141584694385529,-0.10719385743141174,-0.06629597395658493,0.03284453600645065,0.16023090481758118,0.2853466272354126,0.37797096371650696,0.4202292263507843,0.4443095624446869,0.4470764994621277,0.42007389664649963,0.3548836410045624,0.23774905502796173,0.026153601706027985,-0.24258868396282196,-0.512725293636322,-0.7289289236068726,-0.8369951248168945,-0.8529559373855591
-0.3821790814399719,-0.14943711459636688,0.08573514223098755,0.30324846506118774,0.48296862840652466,0.6132588386535645,0.7125881314277649,0.7820138931274414,0.8207896947860718,0.8280325531959534,0.7985391020774841,0.7084634900093079,0.5784714221954346,0.43775835633277893,0.3153040409088135,0.23946943879127502,0.2110094279050827,0.21023057401180267,0.22029516100883484,0.22436310350894928,0.20558865368366241,0.14821697771549225,0.06389211863279343,-0.023992126807570457,-0.09184268862009048,-0.11624807119369507,-0.07414453476667404,0.027315691113471985,0.15744946897029877,0.2849870026111603,0.37895992398262024,0.4204597473144531,0.4408877491950989,0.4388902187347412,0.4079926311969757,0.3417679965496063,0.22850055992603302,0.02674979716539383,-0.22851444780826569,-0.4843582510948181,-0.6882511973381042,-0.7885891199111938,-0.7956019639968872
-0.3233090043067932,-0.10340802371501923,0.12238173931837082,0.3326992690563202,0.5061439871788025,0.6303462386131287,0.724852442741394,0.7908786535263062,0.8277108073234558,0.8345046639442444,0.806537926197052,0.7223662734031677,0.6006139516830444,0.46758028864860535,0.34936368465423584,0.2713072597980499,0.23030905425548553,0.21040140092372894,0.20079047977924347,0.1906358301639557,0.16912968456745148,0.12513747811317444,0.06615749001502991,0.008594861254096031,-0.03101089410483837,-0.036241088062524796,0.011978758499026299,0.11116360872983932,0.2339753806591034,0.35238680243492126,0.43865394592285156,0.4749569296836853,0.4871046543121338,0.47662267088890076,0.4409344792366028,0.3775244355201721,0.2791910767555237,0.11035969853401184,-0.10131185501813889,-0.31275710463523865,-0.4812423586845398,-0.5646407604217529,-0.5660189390182495
-0.3218824565410614,-0.11915982514619827,0.09504822641611099,0.2974948287010193,0.4649031162261963,0.583948016166687,0.6760454773902893,0.7422719597816467,0.7815539836883545,0.7926843166351318,0.771221399307251,0.6990662813186646,0.5923570394515991,0.4737299680709839,0.3656444549560547,0.2896321415901184,0.2377045601606369,0.19861197471618652,0.16919967532157898,0.14622323215007782,0.12650661170482635,0.10545046627521515,0.08529580384492874,0.07267140597105026,0.07424213737249374,0.09664217382669449,0.15297962725162506,0.2469632476568222,0.35671013593673706,0.45953771471977234,0.5330146551132202,0.5615623593330383,0.5629652738571167,0.5420935153961182,0.5011433959007263,0.44238823652267456,0.36432722210884094,0.23986776173114777,0.08677788823843002,-0.06545675545930862,-0.18758836388587952,-0.2506091296672821,-0.2503165602684021
