scripts/wind.json
{"header": {"parameterNumberName":"northward_wind","parameterUnit":"m.s-1","parameterNumber":3,"parameterCategory":2,"nx":273,"ny":156,"numberPoints":42588,"dx":0.04795703106042026,"dy":0.04641020079095881,"la1":14.614939224179864,"lo1":-106.09675015751111,"la2":21.62866414744147,"lo2":-93.10039474013941,"refTime":"2017-02-01 23:00:00"}, "data":
[rows 0 to 18 of 156, columns 215 to 257 of 273]
-1.5704303979873657,-1.5742238759994507,-1.594377040863037,-1.637359619140625,-1.6973485946655273,-1.764837622642517,-1.8303390741348267,-1.8842716217041016,-1.9235820770263672,-1.9548206329345703,-1.983554482460022,-2.0152974128723145,-2.0556464195251465,-2.1108615398406982,-2.179851770401001,-2.2534749507904053,-2.322611093521118,-2.3781282901763916,-2.411748170852661,-2.4255919456481934,-2.427921772003174,-2.427027702331543,-2.4312050342559814,-2.449199914932251,-2.4864232540130615,-2.532089948654175,-2.5730128288269043,-2.5960984230041504,-2.5883233547210693,-2.546386480331421,-2.4800710678100586,-2.3993725776672363,-2.3142478466033936,-2.2348227500915527,-2.1441242694854736,-2.032376289367676,-1.9251099824905396,-1.848138451576233,-1.8270537853240967,-1.8875232934951782,-2.0242090225219727,-2.203251600265503,-2.3904659748077393
-1.4465640783309937,-1.4312288761138916,-1.4366750717163086,-1.4669890403747559,-1.5158554315567017,-1.574989914894104,-1.6361333131790161,-1.6909458637237549,-1.7389341592788696,-1.7856749296188354,-1.8331133127212524,-1.883103609085083,-1.9376263618469238,-2.0014138221740723,-2.0762102603912354,-2.153656005859375,-2.2253499031066895,-2.2828755378723145,-2.3185698986053467,-2.334324359893799,-2.337836742401123,-2.336839199066162,-2.339069128036499,-2.352593421936035,-2.3818604946136475,-2.417257785797119,-2.4471936225891113,-2.460150718688965,-2.44466495513916,-2.397688865661621,-2.3278915882110596,-2.244230270385742,-2.1556270122528076,-2.0711774826049805,-1.973400592803955,-1.8532201051712036,-1.7368667125701904,-1.650874376296997,-1.6215380430221558,-1.6746360063552856,-1.8039937019348145,-1.9761399030685425,-2.157325506210327
-1.3340526819229126,-1.29783296585083,-1.2855076789855957,-1.2981231212615967,-1.3293945789337158,-1.373163104057312,-1.4233014583587646,-1.4736227989196777,-1.5260871648788452,-1.5846980810165405,-1.6477819681167603,-1.7135424613952637,-1.7803457975387573,-1.8513845205307007,-1.9312186241149902,-2.012303590774536,-2.0869903564453125,-2.1476120948791504,-2.1873176097869873,-2.2081685066223145,-2.2167675495147705,-2.2196760177612305,-2.223454236984253,-2.234922170639038,-2.2576775550842285,-2.2836949825286865,-2.3033509254455566,-2.3070762157440186,-2.285330295562744,-2.235225200653076,-2.1641104221343994,-2.079840660095215,-1.9902362823486328,-1.903293251991272,-1.8015927076339722,-1.6768873929977417,-1.555260181427002,-1.4631093740463257,-1.4265841245651245,-1.4707292318344116,-1.5887192487716675,-1.7485779523849487,-1.918109655380249
-1.2277165651321411,-1.1712846755981445,-1.1404728889465332,-1.1330630779266357,-1.143271803855896,-1.1676262617111206,-1.2026900053024292,-1.244993805885315,-1.2987170219421387,-1.3659294843673706,-1.4415643215179443,-1.5204066038131714,-1.597433090209961,-1.6744027137756348,-1.7585206031799316,-1.8429906368255615,-1.9208498001098633,-1.98511803150177,-2.0297672748565674,-2.057213068008423,-2.072812795639038,-2.0817747116088867,-2.089294672012329,-2.100790023803711,-2.11912202835083,-2.1379168033599854,-2.1495306491851807,-2.146359920501709,-2.1208066940307617,-2.070234537124634,-2.0006258487701416,-1.9186177253723145,-1.8308156728744507,-1.7439968585968018,-1.641204833984375,-1.5151616334915161,-1.3912070989608765,-1.2950005531311035,-1.2519481182098389,-1.2857016324996948,-1.3888391256332397,-1.5318031311035156,-1.684890627861023
-1.1223855018615723,-1.0488393306732178,-1.0011727809906006,-0.9741100668907166,-0.9627882242202759,-0.9666383862495422,-0.9851305484771729,-1.0177299976348877,-1.0704765319824219,-1.1433827877044678,-1.2284371852874756,-1.3174601793289185,-1.4024860858917236,-1.4840667247772217,-1.5717294216156006,-1.6592576503753662,-1.7402137517929077,-1.8081423044204712,-1.8576653003692627,-1.8915196657180786,-1.9140478372573853,-1.929351806640625,-1.9415078163146973,-1.9547851085662842,-1.9714263677597046,-1.9864227771759033,-1.9937636852264404,-1.9874719381332397,-1.9615682363510132,-1.9139436483383179,-1.8493233919143677,-1.7729653120040894,-1.6900970935821533,-1.6061081886291504,-1.504736304283142,-1.3798245191574097,-1.2556250095367432,-1.1567076444625854,-1.1073895692825317,-1.1294541358947754,-1.2148059606552124,-1.337049126625061,-1.4697331190109253
-1.0163222551345825,-0.9309442043304443,-0.8697537183761597,-0.824844479560852,-0.7928130030632019,-0.7761654853820801,-0.7774474620819092,-0.7992273569107056,-0.8489195108413696,-0.9243949055671692,-1.0153231620788574,-1.1111925840377808,-1.2017195224761963,-1.286600112915039,-1.377261996269226,-1.467763066291809,-1.5518896579742432,-1.6234122514724731,-1.6772541999816895,-1.7163491249084473,-1.744532823562622,-1.7653485536575317,-1.7823036909103394,-1.799058198928833,-1.8173227310180664,-1.8329442739486694,-1.8409860134124756,-1.8365447521209717,-1.8147329092025757,-1.774423599243164,-1.7192620038986206,-1.6528573036193848,-1.5787898302078247,-1.5007846355438232,-1.4034640789031982,-1.2820183038711548,-1.1593233346939087,-1.0585658550262451,-1.0026841163635254,-1.0110586881637573,-1.0746982097625732,-1.1712915897369385,-1.278594970703125
-0.9184950590133667,-0.8260040283203125,-0.7529332041740417,-0.6886006593704224,-0.6320772171020508,-0.5899212956428528,-0.5687283873558044,-0.5751505494117737,-0.6174854040145874,-0.6908401846885681,-0.7830721139907837,-0.881853461265564,-0.9750882387161255,-1.0619890689849854,-1.1556100845336914,-1.2498643398284912,-1.3383461236953735,-1.4146350622177124,-1.4736257791519165,-1.518654227256775,-1.5532900094985962,-1.5807403326034546,-1.6041626930236816,-1.6268202066421509,-1.6498817205429077,-1.6698800325393677,-1.6827729940414429,-1.6845605373382568,-1.6712934970855713,-1.643272042274475,-1.6029963493347168,-1.5519897937774658,-1.4917484521865845,-1.4238865375518799,-1.334451675415039,-1.220380187034607,-1.1023579835891724,-1.0013651847839355,-0.9381444454193115,-0.9284735918045044,-0.9621928930282593,-1.0230016708374023,-1.0948377847671509
-0.824856698513031,-0.7278556227684021,-0.643748939037323,-0.5590717196464539,-0.47592294216156006,-0.4053972363471985,-0.3586214780807495,-0.34681665897369385,-0.37882110476493835,-0.44667547941207886,-0.536810040473938,-0.6354718208312988,-0.7291362881660461,-0.8167473077774048,-0.9127237796783447,-1.0106500387191772,-1.1037482023239136,-1.1852281093597412,-1.2498129606246948,-1.3013291358947754,-1.3431849479675293,-1.378347635269165,-1.4097200632095337,-1.4402762651443481,-1.4707344770431519,-1.4981677532196045,-1.5192370414733887,-1.5306590795516968,-1.5292493104934692,-1.5169823169708252,-1.4952350854873657,-1.4632447957992554,-1.4202226400375366,-1.3654651641845703,-1.2867945432662964,-1.1830899715423584,-1.0723259449005127,-0.972746729850769,-0.9023760557174683,-0.8727083802223206,-0.8723439574241638,-0.8920298218727112,-0.9229471683502197
-0.7297104597091675,-0.6286816596984863,-0.5338230133056641,-0.42911458015441895,-0.31967973709106445,-0.22098533809185028,-0.14852583408355713,-0.11792650818824768,-0.13837935030460358,-0.1989787071943283,-0.2850037217140198,-0.3815567195415497,-0.4739595651626587,-0.5609342455863953,-0.6579917073249817,-0.7584671378135681,-0.855297327041626,-0.9414098858833313,-1.0114079713821411,-1.0695185661315918,-1.118994116783142,-1.1625818014144897,-1.202948808670044,-1.242830514907837,-1.282707929611206,-1.3200191259384155,-1.351860761642456,-1.3754034042358398,-1.3879692554473877,-1.393250584602356,-1.3916534185409546,-1.3802028894424438,-1.3558987379074097,-1.3157904148101807,-1.2495672702789307,-1.1580091714859009,-1.0562480688095093,-0.9596577286720276,-0.8834115862846375,-0.8346907496452332,-0.801002025604248,-0.780087411403656,-0.7703098058700562
-0.6273828744888306,-0.5206915736198425,-0.4148065447807312,-0.29161709547042847,-0.15870890021324158,-0.035110313445329666,0.06012652814388275,0.10778610408306122,0.09835391491651535,0.045139700174331665,-0.036152277141809464,-0.12964877486228943,-0.21968547999858856,-0.30464136600494385,-0.40083539485931396,-0.5016967058181763,-0.6002300381660461,-0.6894345283508301,-0.7640379667282104,-0.8284012079238892,-0.8855277895927429,-0.9378876686096191,-0.9878535270690918,-1.0379180908203125,-1.0886582136154175,-1.1376739740371704,-1.1821537017822266,-1.219381332397461,-1.2468459606170654,-1.2697956562042236,-1.287948489189148,-1.2964653968811035,-1.290482521057129,-1.265150785446167,-1.211862325668335,-1.133015513420105,-1.0411608219146729,-0.9490605592727661,-0.8692978620529175,-0.8053619861602783,-0.7440302968025208,-0.6888971328735352,-0.6443231701850891
-0.5125928521156311,-0.39649274945259094,-0.2787204682826996,-0.13976575434207916,0.011430882848799229,0.15372085571289062,0.2659327983856201,0.3267076313495636,0.3260839581489563,0.27882227301597595,0.2015535682439804,0.11107116937637329,0.02396908774971962,-0.0574948750436306,-0.15015223622322083,-0.24813967943191528,-0.34515783190727234,-0.4349049925804138,-0.5126769542694092,-0.5825198292732239,-0.6469932198524475,-0.708153486251831,-0.7679421305656433,-0.8285471200942993,-0.8911036252975464,-0.9531374573707581,-1.011501431465149,-1.0631691217422485,-1.1053659915924072,-1.1445409059524536,-1.1801369190216064,-1.2060645818710327,-1.2162091732025146,-1.2044397592544556,-1.1634336709976196,-1.0966922044754028,-1.0148327350616455,-0.9286553859710693,-0.8488023281097412,-0.776337206363678,-0.6978887319564819,-0.6206795573234558,-0.5527713298797607
-0.3944912552833557,-0.2643570005893707,-0.13292604684829712,0.020105741918087006,0.18553830683231354,0.341475248336792,0.46599581837654114,0.5369736552238464,0.5437942743301392,0.501767098903656,0.4285137951374054,0.3418114185333252,0.2592485249042511,0.18422481417655945,0.09972894936800003,0.009954620152711868,-0.08047335594892502,-0.1669318526983261,-0.24598197638988495,-0.32066768407821655,-0.39278456568717957,-0.4637446701526642,-0.5348255038261414,-0.6077980399131775,-0.6850848197937012,-0.7637785077095032,-0.8397335410118103,-0.9089570641517639,-0.9677584171295166,-1.0235897302627563,-1.0761198997497559,-1.1185473203659058,-1.1440448760986328,-1.1457396745681763,-1.1170756816864014,-1.0621839761734009,-0.9905440807342529,-0.9117904901504517,-0.8354203104972839,-0.7615835666656494,-0.6774258613586426,-0.5911615490913391,-0.5118293166160583
-0.27342572808265686,-0.12635239958763123,0.019812902435660362,0.18568886816501617,0.36254438757896423,0.5287018418312073,0.6624561548233032,0.741883397102356,0.7556423544883728,0.7189521789550781,0.6503738164901733,0.5686149597167969,0.4922080636024475,0.4260118901729584,0.35314658284187317,0.2754756510257721,0.1952754706144333,0.11481594294309616,0.035794273018836975,-0.04334869235754013,-0.12343543767929077,-0.2050883173942566,-0.2887735664844513,-0.37578827142715454,-0.4703940153121948,-0.5689554214477539,-0.6658021807670593,-0.7554547190666199,-0.8327902555465698,-0.906144917011261,-0.9757956862449646,-1.0346125364303589,-1.0754379034042358,-1.091039776802063,-1.0753191709518433,-1.0327067375183105,-0.9720257520675659,-0.9022248387336731,-0.8321367502212524,-0.7619872093200684,-0.6799280047416687,-0.5934052467346191,-0.5106140971183777
-0.14235812425613403,0.022474998608231544,0.18313221633434296,0.36009231209754944,0.545549213886261,0.718755841255188,0.8589334487915039,0.9450753927230835,0.9652121067047119,0.9339917302131653,0.8706724643707275,0.7946498394012451,0.7251583337783813,0.6685100197792053,0.6082210540771484,0.5436885952949524,0.47469550371170044,0.40101325511932373,0.3225037455558777,0.2392181158065796,0.15132540464401245,0.058993201702833176,-0.03743329271674156,-0.13880550861358643,-0.251415491104126,-0.3707563579082489,-0.48940950632095337,-0.6001869440078735,-0.6963085532188416,-0.7868044972419739,-0.8727771639823914,-0.9470942616462708,-1.002593994140625,-1.0320121049880981,-1.0296368598937988,-0.999945878982544,-0.951225221157074,-0.891854465007782,-0.8301206231117249,-0.7667086124420166,-0.6910594701766968,-0.6091070175170898,-0.5274301767349243
0.00585281103849411,0.18720073997974396,0.36080554127693176,0.5465772747993469,0.7378191351890564,0.9151710867881775,1.0592368841171265,1.1503877639770508,1.1762940883636475,1.1507116556167603,1.0931649208068848,1.0233051776885986,0.9606372117996216,0.9126001596450806,0.8633238673210144,0.8101240396499634,0.7506712675094604,0.6826202273368835,0.6042841076850891,0.5170949101448059,0.4220418334007263,0.31993845105171204,0.2117954045534134,0.09709454327821732,-0.03232019022107124,-0.17107753455638885,-0.3100883364677429,-0.4405309557914734,-0.5540332198143005,-0.6600581407546997,-0.7605875134468079,-0.8487551808357239,-0.9176637530326843,-0.9602879285812378,-0.9714732766151428,-0.9555702209472656,-0.920083224773407,-0.872576117515564,-0.8205463886260986,-0.7649173736572266,-0.6964965462684631,-0.6199756860733032,-0.5405910015106201
0.17837640643119812,0.3729335069656372,0.5566425919532776,0.7484413981437683,0.9426553845405579,1.1215137243270874,1.267205834388733,1.3616880178451538,1.3927090167999268,1.372969150543213,1.3216391801834106,1.2580043077468872,1.2012195587158203,1.159203290939331,1.1168712377548218,1.0703625679016113,1.016141653060913,0.9506543278694153,0.8713317513465881,0.7804023027420044,0.6793146729469299,0.5692405700683594,0.4515644311904907,0.32590439915657043,0.18276439607143402,0.02822234109044075,-0.1273399144411087,-0.2738383114337921,-0.4016623795032501,-0.5203772187232971,-0.632733941078186,-0.7323437929153442,-0.8127858638763428,-0.867489218711853,-0.8922666907310486,-0.8912444710731506,-0.8705389499664307,-0.8362886309623718,-0.7945950627326965,-0.7457951903343201,-0.6819352507591248,-0.6077478528022766,-0.5284451842308044
0.37730133533477783,0.5790057182312012,0.7685022950172424,0.9631571173667908,1.1578069925308228,1.3362432718276978,1.482215166091919,1.5792409181594849,1.6159096956253052,1.6038354635238647,1.560819387435913,1.5047601461410522,1.4534454345703125,1.4142485857009888,1.3731828927993774,1.32662034034729,1.2712310552597046,1.2036627531051636,1.1214815378189087,1.0267512798309326,0.9208828210830688,0.8050304055213928,0.680572509765625,0.5470113754272461,0.39421865344047546,0.22875447571277618,0.0617709681391716,-0.09589850157499313,-0.23389150202274323,-0.3613145053386688,-0.48157641291618347,-0.5891769528388977,-0.6785840392112732,-0.7440985441207886,-0.7832733392715454,-0.7998172044754028,-0.7973182201385498,-0.7793423533439636,-0.7494543194770813,-0.7060052752494812,-0.6422147750854492,-0.5649358034133911,-0.4814840853214264
0.5958305597305298,0.798477053642273,0.9896184206008911,1.1842235326766968,1.3770498037338257,1.553513526916504,1.698988914489746,1.7986236810684204,1.8427140712738037,1.8416924476623535,1.8108173608779907,1.7654213905334473,1.7207525968551636,1.682641625404358,1.6387102603912354,1.5868198871612549,1.5250978469848633,1.4516478776931763,1.3650569915771484,1.2663354873657227,1.1564598083496094,1.0362861156463623,0.9069029092788696,0.767494261264801,0.6077423691749573,0.434586763381958,0.2596612572669983,0.09426601231098175,-0.05073884129524231,-0.18330243229866028,-0.3075820803642273,-0.41964754462242126,-0.515537679195404,-0.591111958026886,-0.6464959979057312,-0.6845957636833191,-0.7052550315856934,-0.7082399129867554,-0.6933614611625671,-0.6557691097259521,-0.590111494064331,-0.5069625377655029,-0.4173639714717865
0.8343552947044373,1.0358437299728394,1.2265517711639404,1.4186310768127441,1.606829285621643,1.7785388231277466,1.9211097955703735,2.0216751098632812,2.072578191757202,2.082813024520874,2.0645859241485596,2.030151128768921,1.9917056560516357,1.9530788660049438,1.9037017822265625,1.8435231447219849,1.7727247476577759,1.691462516784668,1.5997869968414307,1.4972792863845825,1.3842334747314453,1.2610052824020386,1.1281883716583252,0.9845020174980164,0.8197498917579651,0.6411831974983215,0.4607180655002594,0.2899269461631775,0.13998575508594513,0.004394044168293476,-0.1217423602938652,-0.23631083965301514,-0.33716949820518494,-0.4219873249530792,-0.4937330186367035,-0.5543653964996338,-0.5995883345603943,-0.6249702572822571,-0.6261734366416931,-0.5946768522262573,-0.5265541672706604,-0.436784565448761,-0.3408362865447998
