scripts/wind.json
{"header": {"parameterNumberName":"eastward_wind","parameterUnit":"m.s-1","parameterNumber":2,"parameterCategory":2,"nx":273,"ny":156,"numberPoints":42588,"dx":0.04795703106042026,"dy":0.04641020079095881,"la1":14.614939224179864,"lo1":-106.09675015751111,"la2":21.62866414744147,"lo2":-93.10039474013941,"refTime":"2017-02-01 23:00:00"}, "data":
[rows 95 to 113 of 156, columns 215 to 257 of 273]
-3.626316785812378,-3.8710696697235107,-4.071247577667236,-4.214111804962158,-4.320802688598633,-4.395708084106445,-4.441802024841309,-4.462213516235352,-4.454416275024414,-4.399562835693359,-4.3139753341674805,-4.21860933303833,-4.134634971618652,-4.081815242767334,-4.055569648742676,-4.043359279632568,-4.035557270050049,-4.022572040557861,-3.994938373565674,-3.9598071575164795,-3.9215149879455566,-3.874512195587158,-3.8131346702575684,-3.731861114501953,-3.6244704723358154,-3.4931347370147705,-3.3468379974365234,-3.1946356296539307,-3.045379877090454,-2.8967769145965576,-2.7290732860565186,-2.5593771934509277,-2.407761812210083,-2.29390811920166,-2.2380154132843018,-2.2450168132781982,-2.2923619747161865,-2.3550992012023926,-2.4082372188568115,-2.4276041984558105,-2.413386821746826,-2.3824925422668457,-2.349578857421875
-3.917898654937744,-4.1213812828063965,-4.28373384475708,-4.39498233795166,-4.467126369476318,-4.506614685058594,-4.519186973571777,-4.510654449462891,-4.480550765991211,-4.407935619354248,-4.308495044708252,-4.20292329788208,-4.11215877532959,-4.0559282302856445,-4.031774044036865,-4.026005744934082,-4.026763916015625,-4.022205829620361,-4.0006585121154785,-3.969660520553589,-3.934880495071411,-3.8910133838653564,-3.832648515701294,-3.7545108795166016,-3.6507186889648438,-3.5233726501464844,-3.380950689315796,-3.2320005893707275,-3.0848710536956787,-2.9369773864746094,-2.7689788341522217,-2.598071813583374,-2.444382667541504,-2.327641487121582,-2.267904043197632,-2.269181966781616,-2.309692144393921,-2.365555763244629,-2.4128546714782715,-2.428474187850952,-2.412961959838867,-2.3823115825653076,-2.350128650665283
-4.181913375854492,-4.334588050842285,-4.454770565032959,-4.5376715660095215,-4.585894584655762,-4.604651927947998,-4.599048137664795,-4.57420539855957,-4.5291972160339355,-4.443613529205322,-4.33327054977417,-4.218850612640381,-4.121306419372559,-4.060437202453613,-4.034590721130371,-4.029573440551758,-4.0326080322265625,-4.030932903289795,-4.0119757652282715,-3.983898162841797,-3.952803134918213,-3.912912368774414,-3.858351230621338,-3.783371686935425,-3.682187080383301,-3.557354688644409,-3.4170517921447754,-3.2695181369781494,-3.1227989196777344,-2.973973512649536,-2.8036792278289795,-2.6295716762542725,-2.472261905670166,-2.351956844329834,-2.2889914512634277,-2.286506414413452,-2.323050022125244,-2.3753457069396973,-2.4200758934020996,-2.434770107269287,-2.4210102558135986,-2.393845796585083,-2.3653509616851807
-4.433492660522461,-4.513009071350098,-4.575925350189209,-4.626235485076904,-4.6547627449035645,-4.661898136138916,-4.648552894592285,-4.615630626678467,-4.5590362548828125,-4.461367607116699,-4.3396477699279785,-4.215144157409668,-4.109418869018555,-4.042829513549805,-4.013612747192383,-4.007208824157715,-4.010545253753662,-4.01056432723999,-3.9944167137145996,-3.9712698459625244,-3.947176933288574,-3.9152045249938965,-3.868340492248535,-3.799679756164551,-3.7034168243408203,-3.583113670349121,-3.4466445446014404,-3.301935911178589,-3.1567232608795166,-3.007614850997925,-2.8350043296813965,-2.657345771789551,-2.4961090087890625,-2.372349977493286,-2.306969404220581,-2.301908016204834,-2.335999011993408,-2.3866121768951416,-2.431075096130371,-2.4476723670959473,-2.440084934234619,-2.4218318462371826,-2.4022278785705566
-4.66977596282959,-4.662250518798828,-4.65838623046875,-4.673086643218994,-4.683987617492676,-4.684539794921875,-4.6693644523620605,-4.633061408996582,-4.566768646240234,-4.457573413848877,-4.324325084686279,-4.189208507537842,-4.074728965759277,-4.002075672149658,-3.9688587188720703,-3.9602315425872803,-3.9631717205047607,-3.964674472808838,-3.9519617557525635,-3.9354405403137207,-3.920840263366699,-3.8996641635894775,-3.8633620738983154,-3.8034651279449463,-3.714097499847412,-3.600161075592041,-3.46919584274292,-3.328779697418213,-3.186305522918701,-3.0378241539001465,-2.863394260406494,-2.682450532913208,-2.51751708984375,-2.390695810317993,-2.3235936164855957,-2.316737174987793,-2.349256992340088,-2.399245023727417,-2.444748640060425,-2.4649219512939453,-2.4661712646484375,-2.4601070880889893,-2.4525303840637207
-4.882828712463379,-4.787136077880859,-4.716102600097656,-4.695762634277344,-4.690842151641846,-4.687346458435059,-4.673069477081299,-4.635770797729492,-4.5614447593688965,-4.442145824432373,-4.298604488372803,-4.153878211975098,-4.031370162963867,-3.953033447265625,-3.9156410694122314,-3.9042251110076904,-3.9060890674591064,-3.908557891845703,-3.8991963863372803,-3.8896868228912354,-3.885249376296997,-3.8756942749023438,-3.850804328918457,-3.8004138469696045,-3.7185544967651367,-3.6115739345550537,-3.4866786003112793,-3.351097583770752,-3.2118818759918213,-3.0645148754119873,-2.8887016773223877,-2.704885244369507,-2.5366716384887695,-2.4072391986846924,-2.3389313220977783,-2.330878734588623,-2.3624680042266846,-2.4124627113342285,-2.459580183029175,-2.483800172805786,-2.494309425354004,-2.500814199447632,-2.50557017326355
-5.064968109130859,-4.892639636993408,-4.763092994689941,-4.711832523345947,-4.69261360168457,-4.685098648071289,-4.6712646484375,-4.6330437660217285,-4.552112102508545,-4.424984455108643,-4.273759841918945,-4.1219482421875,-3.993422508239746,-3.910504102706909,-3.8692095279693604,-3.8547089099884033,-3.8548340797424316,-3.857445001602173,-3.85064959526062,-3.847233772277832,-3.8518226146698,-3.8526737689971924,-3.8380424976348877,-3.796210765838623,-3.7211215496063232,-3.6204447746276855,-3.5010876655578613,-3.369964122772217,-3.2338180541992188,-3.0876309871673584,-2.910808801651001,-2.724674940109253,-2.5537805557250977,-2.422243356704712,-2.3530659675598145,-2.344233274459839,-2.3752901554107666,-2.4254977703094482,-2.474069833755493,-2.5016098022460938,-2.519571542739868,-2.5361437797546387,-2.550720691680908
-5.208415508270264,-4.983659267425537,-4.813320159912109,-4.738819599151611,-4.706551551818848,-4.692544937133789,-4.675520896911621,-4.634143829345703,-4.547804355621338,-4.415980339050293,-4.261058330535889,-4.106206893920898,-3.9749631881713867,-3.88928484916687,-3.8448116779327393,-3.827200174331665,-3.8249433040618896,-3.8265669345855713,-3.820847511291504,-3.821305751800537,-3.8319735527038574,-3.8399739265441895,-3.832444190979004,-3.7965307235717773,-3.7261202335357666,-3.629854202270508,-3.514404773712158,-3.3864409923553467,-3.2524657249450684,-3.1071033477783203,-2.9295849800109863,-2.741833209991455,-2.5690410137176514,-2.435962677001953,-2.3660733699798584,-2.356693744659424,-2.3873751163482666,-2.43757700920105,-2.4867115020751953,-2.515648603439331,-2.5370254516601562,-2.5582799911499023,-2.5773489475250244
-5.307247638702393,-5.0596513748168945,-4.869814872741699,-4.780521392822266,-4.735255718231201,-4.7100090980529785,-4.6836724281311035,-4.635052680969238,-4.543977737426758,-4.410867691040039,-4.2569756507873535,-4.104072093963623,-3.974299669265747,-3.88828706741333,-3.8418209552764893,-3.821491241455078,-3.816598653793335,-3.8164851665496826,-3.810734748840332,-3.8132553100585938,-3.827471971511841,-3.8397622108459473,-3.8365259170532227,-3.804161787033081,-3.7365963459014893,-3.643143892288208,-3.530191659927368,-3.404114246368408,-3.2711236476898193,-3.1254515647888184,-2.946183681488037,-2.7558674812316895,-2.5803630352020264,-2.4450862407684326,-2.3741137981414795,-2.3646042346954346,-2.395646572113037,-2.446268081665039,-2.495445489883423,-2.5236294269561768,-2.543461561203003,-2.5626742839813232,-2.579453706741333
-5.366028785705566,-5.116279602050781,-4.921787738800049,-4.8233962059021,-4.765010356903076,-4.725118637084961,-4.685187816619873,-4.626564979553223,-4.531441688537598,-4.399828910827637,-4.2507758140563965,-4.103839874267578,-3.978938102722168,-3.8946115970611572,-3.8471155166625977,-3.824373722076416,-3.816710948944092,-3.814497709274292,-3.808337926864624,-3.8123505115509033,-3.8292598724365234,-3.844843626022339,-3.844907760620117,-3.8152501583099365,-3.7499289512634277,-3.6588451862335205,-3.547983169555664,-3.4233052730560303,-3.290616035461426,-3.1435911655426025,-2.9611074924468994,-2.766597270965576,-2.586866855621338,-2.448268413543701,-2.375814199447632,-2.3668084144592285,-2.399350881576538,-2.4513940811157227,-2.500842332839966,-2.5270586013793945,-2.541961908340454,-2.5543935298919678,-2.5639946460723877
-5.393034934997559,-5.1547698974609375,-4.965824127197266,-4.863152503967285,-4.793276786804199,-4.738525390625,-4.684177875518799,-4.615363597869873,-4.517640113830566,-4.38994836807251,-4.2485456466674805,-4.110306739807129,-3.9924473762512207,-3.910982847213745,-3.862766981124878,-3.837320566177368,-3.826176166534424,-3.820918321609497,-3.8133485317230225,-3.817580461502075,-3.8355727195739746,-3.8527114391326904,-3.85441517829895,-3.82608962059021,-3.7619287967681885,-3.6722352504730225,-3.562648296356201,-3.43877911567688,-3.3060808181762695,-3.1577839851379395,-2.9726407527923584,-2.7747609615325928,-2.591674566268921,-2.450449228286743,-2.3768835067749023,-2.368727684020996,-2.4030277729034424,-2.4565083980560303,-2.5058462619781494,-2.5291292667388916,-2.5369229316711426,-2.539611339569092,-2.539093255996704
-5.396561145782471,-5.176400184631348,-4.9985809326171875,-4.895576477050781,-4.817592144012451,-4.750942707061768,-4.684803485870361,-4.6081719398498535,-4.510054588317871,-4.38835334777832,-4.256417751312256,-4.128320217132568,-4.018454074859619,-3.940185785293579,-3.890906810760498,-3.861863613128662,-3.845947504043579,-3.836113691329956,-3.825507640838623,-3.8279788494110107,-3.8446836471557617,-3.8608903884887695,-3.861898183822632,-3.8329954147338867,-3.768421173095703,-3.678602695465088,-3.569066047668457,-3.445305585861206,-3.312659502029419,-3.1642961502075195,-2.979071855545044,-2.7811033725738525,-2.5979175567626953,-2.456578493118286,-2.383040428161621,-2.3757922649383545,-2.4112260341644287,-2.4651691913604736,-2.513404130935669,-2.533031463623047,-2.532731056213379,-2.5244789123535156,-2.5128390789031982
-5.384866714477539,-5.182432174682617,-5.016714572906494,-4.916461944580078,-4.835497856140137,-4.763085842132568,-4.691219806671143,-4.611701965332031,-4.5161590576171875,-4.402165412902832,-4.280524253845215,-4.162734508514404,-4.06059455871582,-3.9850168228149414,-3.9336798191070557,-3.899545907974243,-3.8769891262054443,-3.860459804534912,-3.8445656299591064,-3.8425891399383545,-3.8548741340637207,-3.8669116497039795,-3.8642125129699707,-3.8322861194610596,-3.7652361392974854,-3.6732397079467773,-3.5621163845062256,-3.437657117843628,-3.305495023727417,-3.159393787384033,-2.9786899089813232,-2.7863683700561523,-2.6087238788604736,-2.4716029167175293,-2.4000003337860107,-2.39342999458313,-2.4284913539886475,-2.480933427810669,-2.526461124420166,-2.541951894760132,-2.5337634086608887,-2.515133857727051,-2.4933018684387207
-5.363154888153076,-5.172340393066406,-5.0160393714904785,-4.921197891235352,-4.8442254066467285,-4.775262832641602,-4.707036018371582,-4.632091522216797,-4.543050765991211,-4.438501834869385,-4.327447414398193,-4.2193098068237305,-4.123786926269531,-4.049776554107666,-3.994835138320923,-3.9535346031188965,-3.9218435287475586,-3.8958256244659424,-3.871656894683838,-3.86169695854187,-3.8654870986938477,-3.8691508769989014,-3.8588101863861084,-3.820606231689453,-3.7482008934020996,-3.651029586791992,-3.5358479022979736,-3.409393548965454,-3.2782416343688965,-3.137721538543701,-2.96813702583313,-2.789708375930786,-2.6257405281066895,-2.4991207122802734,-2.432293176651001,-2.4261999130249023,-2.4588875770568848,-2.507197141647339,-2.547931432723999,-2.558851957321167,-2.5435070991516113,-2.515850305557251,-2.4856481552124023
-5.314009189605713,-5.13497257232666,-4.990237712860107,-4.906077861785889,-4.841167449951172,-4.7851243019104,-4.729968070983887,-4.667568683624268,-4.590487480163574,-4.499471187591553,-4.402004718780518,-4.305500030517578,-4.217611312866211,-4.145256042480469,-4.085613250732422,-4.034980297088623,-3.991166830062866,-3.9521028995513916,-3.915766954421997,-3.8931570053100586,-3.8829548358917236,-3.8723902702331543,-3.8486547470092773,-3.798994541168213,-3.7160768508911133,-3.607941150665283,-3.48336124420166,-3.351118803024292,-3.2198195457458496,-3.0876834392547607,-2.936272144317627,-2.781080722808838,-2.6403417587280273,-2.5319266319274902,-2.4740004539489746,-2.4701619148254395,-2.500704050064087,-2.5440380573272705,-2.578543186187744,-2.5832409858703613,-2.5574679374694824,-2.5162954330444336,-2.473322868347168
-5.242604732513428,-5.0770392417907715,-4.946536064147949,-4.877237319946289,-4.8302154541015625,-4.793701648712158,-4.7580952644348145,-4.713696002960205,-4.652327537536621,-4.57759428024292,-4.495670795440674,-4.412027359008789,-4.33234167098999,-4.261597633361816,-4.196393966674805,-4.134832859039307,-4.076742172241211,-4.022101402282715,-3.970864772796631,-3.9323227405548096,-3.904263496398926,-3.875396490097046,-3.83434796333313,-3.769843101501465,-3.6732492446899414,-3.550750494003296,-3.413769245147705,-3.273768186569214,-3.1420178413391113,-3.020476818084717,-2.892268419265747,-2.76682186126709,-2.6558656692504883,-2.5708377361297607,-2.524397611618042,-2.5234639644622803,-2.551287889480591,-2.588399887084961,-2.615307331085205,-2.6127707958221436,-2.5750699043273926,-2.5184574127197266,-2.4609975814819336
-5.160482406616211,-5.009391784667969,-4.894567012786865,-4.842259407043457,-4.816279888153076,-4.8029069900512695,-4.790313243865967,-4.766626834869385,-4.722440242767334,-4.664541244506836,-4.59807825088501,-4.526812553405762,-4.454677104949951,-4.384928226470947,-4.313380241394043,-4.239897727966309,-4.166391372680664,-4.09495735168457,-4.027584552764893,-3.9716386795043945,-3.924023389816284,-3.8751797676086426,-3.8154168128967285,-3.7351906299591064,-3.624606132507324,-3.4877872467041016,-3.3388147354125977,-3.191843271255493,-3.060818910598755,-2.95167875289917,-2.849491834640503,-2.7570300102233887,-2.6788599491119385,-2.6193346977233887,-2.584935426712036,-2.585691213607788,-2.608595132827759,-2.637173891067505,-2.6549410820007324,-2.645249843597412,-2.597369909286499,-2.5281131267547607,-2.45943284034729
-5.079228401184082,-4.942912578582764,-4.843987464904785,-4.808742523193359,-4.804272174835205,-4.814642906188965,-4.825494289398193,-4.82248067855835,-4.79465389251709,-4.751927375793457,-4.698795795440674,-4.637704849243164,-4.5712432861328125,-4.501297950744629,-4.422703266143799,-4.336917877197266,-4.247884273529053,-4.159763336181641,-4.076529026031494,-4.003528118133545,-3.936835289001465,-3.8687527179718018,-3.7914021015167236,-3.697098731994629,-3.5750646591186523,-3.427417278289795,-3.27028226852417,-3.1198890209198,-2.9922475814819336,-2.8968982696533203,-2.821324586868286,-2.7617998123168945,-2.715848922729492,-2.680859088897705,-2.6570181846618652,-2.656384229660034,-2.670542001724243,-2.6872191429138184,-2.694136381149292,-2.6784636974334717,-2.625408172607422,-2.551027536392212,-2.4793813228607178
-5.010384559631348,-4.888447284698486,-4.804421424865723,-4.78425931930542,-4.799092769622803,-4.830811977386475,-4.862522125244141,-4.877398490905762,-4.862826347351074,-4.8314104080200195,-4.787442684173584,-4.732610702514648,-4.66872501373291,-4.596822738647461,-4.510555744171143,-4.412693023681641,-4.3090410232543945,-4.205657482147217,-4.108335494995117,-4.020441055297852,-3.9373176097869873,-3.853134870529175,-3.761841058731079,-3.6576154232025146,-3.5295193195343018,-3.3779711723327637,-3.2199110984802246,-3.072397232055664,-2.952270746231079,-2.8716928958892822,-2.821108102798462,-2.791200637817383,-2.7733476161956787,-2.758857488632202,-2.742063283920288,-2.735100746154785,-2.735065221786499,-2.7354142665863037,-2.7296035289764404,-2.710212230682373,-2.6602277755737305,-2.5929555892944336,-2.531568765640259
